0,0,100%,100%|0,0,0|9,6
c3
0,0,20%,100%|0,0,0|8,7
c2
0,0,100%,23%|0,0,0|8,4
c3
0,0,100%,15%|0,0,0|9,7
e2
0,0,40%,100%|0,0,0
0,0,40%,100%|0,0,0
0,0,100%,35%|0,0,0|9,6
c5
0,0,10%,100%|0,0,0|8,6
e2
0,0,80%,40%|0,0,0
0,0,80%,40%|0,0,0
0,0,10%,100%|0,0,0|8,6
e2
0,0,80%,40%|0,0,0
0,0,80%,40%|0,0,0
0,0,10%,100%|0,0,0|8,6
e2
0,0,80%,40%|0,0,0
0,0,80%,40%|0,0,0
0,0,10%,100%|0,0,0|8,6
e2
0,0,80%,40%|0,0,0
0,0,80%,40%|0,0,0
0,0,10%,100%|0,0,0|8,6
e1
0,0,100%,40%|0,0,0
0,0,100%,50%|0,0,0|9,6
e4
0,0,19%,90%|0,0,0
0,0,19%,90%|0,0,0
0,0,19%,90%|0,0,0
0,0,19%,90%|0,0,0
0,0,100%,23%|0,0,0|8,4
c3
0,0,100%,15%|0,0,0|9,7
e2
0,0,40%,100%|0,0,0
0,0,40%,100%|0,0,0
0,0,100%,35%|0,0,0|9,6
c5
0,0,10%,100%|0,0,0|8,6
e2
0,0,80%,40%|0,0,0
0,0,80%,40%|0,0,0
0,0,10%,100%|0,0,0|8,6
e2
0,0,80%,40%|0,0,0
0,0,80%,40%|0,0,0
0,0,10%,100%|0,0,0|8,6
e2
0,0,80%,40%|0,0,0
0,0,80%,40%|0,0,0
0,0,10%,100%|0,0,0|8,6
e2
0,0,80%,40%|0,0,0
0,0,80%,40%|0,0,0
0,0,10%,100%|0,0,0|8,6
e1
0,0,100%,40%|0,0,0
0,0,100%,50%|0,0,0|9,6
e4
0,0,19%,90%|0,0,0
0,0,19%,90%|0,0,0
0,0,19%,90%|0,0,0
0,0,19%,90%|0,0,0
0,0,45%,100%|0,0,0|8,6
c3
0,0,100%,10%|0,0,0|9,6
e5
0,0,15%,100%|0,0,0
0,0,15%,100%|0,0,0
0,0,15%,100%|0,0,0
0,0,15%,100%|0,0,0
0,0,15%,100%|0,0,0
0,0,100%,60%|0,0,0|8,6
c3
0,0,100%,30%|0,0,0|9,6
e5
0,0,15%,100%|0,0,0
0,0,15%,100%|0,0,0
0,0,15%,100%|0,0,0
0,0,15%,100%|0,0,0
0,0,15%,100%|0,0,0
0,0,100%,30%|0,0,0|9,6
e5
0,0,15%,100%|0,0,0
0,0,15%,100%|0,0,0
0,0,15%,100%|0,0,0
0,0,15%,100%|0,0,0
0,0,15%,100%|0,0,0
0,0,100%,30%|0,0,0|9,6
e5
0,0,15%,100%|0,0,0
0,0,15%,100%|0,0,0
0,0,15%,100%|0,0,0
0,0,15%,100%|0,0,0
0,0,15%,100%|0,0,0
0,0,100%,15%|0,0,0|9,6
e4
0,0,15%,100%|0,0,0
0,0,15%,100%|0,0,0
0,0,15%,100%|0,0,0
0,0,15%,100%|0,0,0
0,0,20%,100%|0,0,0|8,7
c2
0,0,100%,23%|0,0,0|8,4
c3
0,0,100%,15%|0,0,0|9,7
e2
0,0,40%,100%|0,0,0
0,0,40%,100%|0,0,0
0,0,100%,35%|0,0,0|9,6
c5
0,0,10%,100%|0,0,0|8,6
e2
0,0,80%,40%|0,0,0
0,0,80%,40%|0,0,0
0,0,10%,100%|0,0,0|8,6
e2
0,0,80%,40%|0,0,0
0,0,80%,40%|0,0,0
0,0,10%,100%|0,0,0|8,6
e2
0,0,80%,40%|0,0,0
0,0,80%,40%|0,0,0
0,0,10%,100%|0,0,0|8,6
e2
0,0,80%,40%|0,0,0
0,0,80%,40%|0,0,0
0,0,10%,100%|0,0,0|8,6
e1
0,0,100%,40%|0,0,0
0,0,100%,50%|0,0,0|9,6
e4
0,0,19%,90%|0,0,0
0,0,19%,90%|0,0,0
0,0,19%,90%|0,0,0
0,0,19%,90%|0,0,0
0,0,100%,23%|0,0,0|8,4
c3
0,0,100%,15%|0,0,0|9,7
e2
0,0,40%,100%|0,0,0
0,0,40%,100%|0,0,0
0,0,100%,35%|0,0,0|9,6
c5
0,0,10%,100%|0,0,0|8,6
e2
0,0,80%,40%|0,0,0
0,0,80%,40%|0,0,0
0,0,10%,100%|0,0,0|8,6
e2
0,0,80%,40%|0,0,0
0,0,80%,40%|0,0,0
0,0,10%,100%|0,0,0|8,6
e2
0,0,80%,40%|0,0,0
0,0,80%,40%|0,0,0
0,0,10%,100%|0,0,0|8,6
e2
0,0,80%,40%|0,0,0
0,0,80%,40%|0,0,0
0,0,10%,100%|0,0,0|8,6
e1
0,0,100%,40%|0,0,0
0,0,100%,50%|0,0,0|9,6
e4
0,0,19%,90%|0,0,0
0,0,19%,90%|0,0,0
0,0,19%,90%|0,0,0
0,0,19%,90%|0,0,0
